# HAWAII HYBRID v0.1
# TEMPERATURE: 300.00
# AVERAGE OVER 50000.00 TRAJECTORIES
# MAXIMUM TRAJECTORY LENGTH: 200
0.00 1.5748250224e-29
200.00 1.5746551466e-29
400.00 1.5741249015e-29
600.00 1.5732352617e-29
800.00 1.5719878570e-29
1000.00 1.5703849636e-29
1200.00 1.5684294902e-29
1400.00 1.5661249622e-29
1600.00 1.5634755019e-29
1800.00 1.5604858055e-29
2000.00 1.5571611179e-29
2200.00 1.5535072052e-29
2400.00 1.5495303240e-29
2600.00 1.5452371905e-29
2800.00 1.5406349468e-29
3000.00 1.5357311268e-29
3200.00 1.5305336217e-29
3400.00 1.5250506436e-29
3600.00 1.5192906910e-29
3800.00 1.5132625129e-29
4000.00 1.5069750740e-29
4200.00 1.5004375203e-29
4400.00 1.4936591457e-29
4600.00 1.4866493598e-29
4800.00 1.4794176567e-29
5000.00 1.4719735851e-29
5200.00 1.4643267199e-29
5400.00 1.4564866360e-29
5600.00 1.4484628827e-29
5800.00 1.4402649602e-29
6000.00 1.4319022984e-29
6200.00 1.4233842362e-29
6400.00 1.4147200034e-29
6600.00 1.4059187040e-29
6800.00 1.3969893010e-29
7000.00 1.3879406027e-29
7200.00 1.3787812508e-29
7400.00 1.3695197098e-29
7600.00 1.3601642577e-29
7800.00 1.3507229782e-29
8000.00 1.3412037539e-29
8200.00 1.3316142609e-29
8400.00 1.3219619639e-29
8600.00 1.3122541133e-29
8800.00 1.3024977423e-29
9000.00 1.2926996653e-29
9200.00 1.2828664770e-29
9400.00 1.2730045522e-29
9600.00 1.2631200464e-29
9800.00 1.2532188966e-29
10000.00 1.2433068231e-29
10200.00 1.2333893316e-29
10400.00 1.2234717155e-29
10600.00 1.2135590590e-29
10800.00 1.2036562406e-29
11000.00 1.1937679359e-29
11200.00 1.1838986219e-29
11400.00 1.1740525811e-29
11600.00 1.1642339052e-29
11800.00 1.1544464998e-29
12000.00 1.1446940889e-29
12200.00 1.1349802188e-29
12400.00 1.1253082634e-29
12600.00 1.1156814285e-29
12800.00 1.1061027563e-29
13000.00 1.0965751300e-29
13200.00 1.0871012788e-29
13400.00 1.0776837820e-29
13600.00 1.0683250738e-29
13800.00 1.0590274478e-29
14000.00 1.0497930612e-29
14200.00 1.0406239392e-29
14400.00 1.0315219796e-29
14600.00 1.0224889564e-29
14800.00 1.0135265244e-29
15000.00 1.0046362230e-29
15200.00 9.9581948002e-30
15400.00 9.8707761589e-30
15600.00 9.7841184719e-30
15800.00 9.6982329050e-30
16000.00 9.6131296603e-30
16200.00 9.5288180128e-30
16400.00 9.4453063456e-30
16600.00 9.3626021855e-30
16800.00 9.2807122376e-30
17000.00 9.1996424198e-30
17200.00 9.1193978961e-30
17400.00 9.0399831105e-30
17600.00 8.9614018196e-30
17800.00 8.8836571245e-30
18000.00 8.8067515024e-30
18200.00 8.7306868376e-30
18400.00 8.6554644516e-30
18600.00 8.5810851322e-30
18800.00 8.5075491622e-30
19000.00 8.4348563467e-30
19200.00 8.3630060395e-30
19400.00 8.2919971685e-30
19600.00 8.2218282602e-30
19800.00 8.1524974626e-30
20000.00 8.0840025673e-30
20200.00 8.0163410307e-30
20400.00 7.9495099939e-30
20600.00 7.8835063012e-30
20800.00 7.8183265186e-30
21000.00 7.7539669500e-30
21200.00 7.6904236543e-30
21400.00 7.6276924597e-30
21600.00 7.5657689792e-30
21800.00 7.5046486244e-30
22000.00 7.4443266186e-30
22200.00 7.3847980101e-30
22400.00 7.3260576843e-30
22600.00 7.2681003750e-30
22800.00 7.2109206765e-30
23000.00 7.1545130535e-30
23200.00 7.0988718514e-30
23400.00 7.0439913062e-30
23600.00 6.9898655535e-30
23800.00 6.9364886371e-30
24000.00 6.8838545172e-30
24200.00 6.8319570784e-30
24400.00 6.7807901367e-30
24600.00 6.7303474464e-30
24800.00 6.6806227064e-30
25000.00 6.6316095666e-30
25200.00 6.5833016334e-30
25400.00 6.5356924750e-30
25600.00 6.4887756271e-30
25800.00 6.4425445968e-30
26000.00 6.3969928679e-30
26200.00 6.3521139050e-30
26400.00 6.3079011574e-30
26600.00 6.2643480634e-30
26800.00 6.2214480534e-30
27000.00 6.1791945546e-30
27200.00 6.1375809933e-30
27400.00 6.0966007993e-30
27600.00 6.0562474084e-30
27800.00 6.0165142657e-30
28000.00 5.9773948281e-30
28200.00 5.9388825672e-30
28400.00 5.9009709713e-30
28600.00 5.8636535474e-30
28800.00 5.8269238232e-30
29000.00 5.7907753481e-30
29200.00 5.7552016948e-30
29400.00 5.7201964595e-30
29600.00 5.6857532630e-30
29800.00 5.6518657504e-30
30000.00 5.6185275911e-30
30200.00 5.5857324781e-30
30400.00 5.5534741273e-30
30600.00 5.5217462758e-30
30800.00 5.4905426806e-30
31000.00 5.4598571163e-30
31200.00 5.4296833732e-30
31400.00 5.4000152547e-30
31600.00 5.3708465744e-30
31800.00 5.3421711536e-30
32000.00 5.3139828184e-30
32200.00 5.2862753964e-30
32400.00 5.2590427143e-30
32600.00 5.2322785944e-30
32800.00 5.2059768527e-30
33000.00 5.1801312961e-30
33200.00 5.1547357206e-30
33400.00 5.1297839093e-30
33600.00 5.1052696317e-30
33800.00 5.0811866425e-30
34000.00 5.0575286815e-30
34200.00 5.0342894740e-30
34400.00 5.0114627312e-30
34600.00 4.9890421513e-30
34800.00 4.9670214210e-30
35000.00 4.9453942173e-30
35200.00 4.9241542097e-30
35400.00 4.9032950623e-30
35600.00 4.8828104367e-30
35800.00 4.8626939940e-30
36000.00 4.8429393983e-30
36200.00 4.8235403186e-30
36400.00 4.8044904319e-30
36600.00 4.7857834260e-30
36800.00 4.7674130013e-30
37000.00 4.7493728741e-30
37200.00 4.7316567785e-30
37400.00 4.7142584690e-30
37600.00 4.6971717227e-30
37800.00 4.6803903422e-30
38000.00 4.6639081580e-30
38200.00 4.6477190309e-30
38400.00 4.6318168552e-30
38600.00 4.6161955613e-30
38800.00 4.6008491190e-30
39000.00 4.5857715400e-30
39200.00 4.5709568819e-30
39400.00 4.5563992510e-30
39600.00 4.5420928065e-30
39800.00 4.5280317640e-30
